Country code,Country name,2012,2011,2010,2009,2008,2007,2006,2005,2004,2003,2002,2001,2000,1999,1998,1997,1996,1995,1994,1993,1992,1991,1990
ABW,ARUBA,98.0,98.0,98.0,98.0,98.0,98.0,98.0,98.0,98.0,98.0,98.0,98.0,98.0,98.0,98.0,98.0,98.0,98.0,98.0,98.0,99.0,99.0,99.0
AFG,AFGHANISTAN,29.0,28.0,28.0,27.0,27.0,26.0,26.0,26.0,25.0,25.0,24.0,24.0,23.0,23.0,22.0,22.0,21.0,21.0,21.0,21.0,21.0,21.0,
AGO,ANGOLA,60.0,59.0,57.0,56.0,54.0,53.0,51.0,50.0,48.0,47.0,45.0,44.0,42.0,41.0,39.0,38.0,36.0,35.0,33.0,32.0,31.0,30.0,29.0
AIA,ANGUILLA,98.0,98.0,97.0,97.0,96.0,96.0,95.0,95.0,94.0,94.0,93.0,93.0,92.0,91.0,91.0,91.0,91.0,91.0,,,,,
ALB,ALBANIA,91.0,94.0,93.0,93.0,92.0,91.0,91.0,90.0,89.0,89.0,88.0,87.0,86.0,85.0,85.0,84.0,83.0,82.0,82.0,81.0,81.0,81.0,81.0
AND,ANDORRA,100.0,100.0,100.0,100.0,100.0,100.0,100.0,100.0,100.0,100.0,100.0,100.0,100.0,100.0,100.0,100.0,100.0,100.0,100.0,100.0,100.0,100.0,100.0
ARE,UNITED ARAB EMIRATES,98.0,98.0,98.0,98.0,98.0,97.0,97.0,97.0,98.0,98.0,98.0,97.0,97.0,97.0,97.0,97.0,97.0,97.0,97.0,97.0,97.0,97.0,97.0
ARG,ARGENTINA,97.0,96.0,96.0,95.0,95.0,95.0,94.0,94.0,93.0,93.0,93.0,92.0,92.0,91.0,91.0,90.0,90.0,89.0,89.0,88.0,88.0,87.0,87.0
ARM,ARMENIA,91.0,90.0,90.0,90.0,90.0,90.0,90.0,90.0,89.0,89.0,89.0,89.0,89.0,89.0,89.0,89.0,89.0,89.0,89.0,89.0,89.0,,
ASM,AMERICAN SAMOA,62.0,97.0,97.0,97.0,97.0,97.0,97.0,97.0,97.0,97.0,97.0,97.0,97.0,97.0,97.0,97.0,97.0,97.0,97.0,97.0,97.0,97.0,97.0
ATG,ANTIGUA AND BARBUDA,,91.0,91.0,91.0,91.0,91.0,90.0,89.0,88.0,88.0,87.0,86.0,85.0,84.0,83.0,82.0,81.0,80.0,79.0,78.0,77.0,76.0,75.0
AUS,AUSTRALIA,100.0,100.0,100.0,100.0,100.0,100.0,100.0,100.0,100.0,100.0,100.0,100.0,100.0,100.0,100.0,100.0,100.0,100.0,100.0,100.0,100.0,100.0,100.0
AUT,AUSTRIA,100.0,100.0,100.0,100.0,100.0,100.0,100.0,100.0,100.0,100.0,100.0,100.0,100.0,100.0,100.0,100.0,100.0,100.0,100.0,100.0,100.0,100.0,100.0
AZE,AZERBAIJAN,82.0,82.0,82.0,82.0,82.0,80.0,77.0,75.0,72.0,70.0,67.0,65.0,62.0,60.0,57.0,57.0,57.0,57.0,57.0,,,,
BDI,BURUNDI,47.0,50.0,50.0,49.0,49.0,48.0,48.0,48.0,47.0,47.0,46.0,46.0,46.0,45.0,45.0,44.0,44.0,44.0,43.0,43.0,42.0,42.0,42.0
BEL,BELGIUM,100.0,100.0,100.0,100.0,100.0,100.0,100.0,100.0,100.0,100.0,100.0,100.0,100.0,100.0,100.0,100.0,100.0,100.0,100.0,100.0,100.0,100.0,100.0
BEN,BENIN,14.0,14.0,14.0,13.0,13.0,12.0,12.0,11.0,11.0,10.0,10.0,9.0,9.0,9.0,8.0,8.0,7.0,7.0,7.0,6.0,6.0,5.0,5.0
BFA,BURKINA FASO,19.0,18.0,17.0,17.0,16.0,16.0,15.0,14.0,14.0,13.0,13.0,12.0,12.0,11.0,11.0,10.0,10.0,9.0,9.0,9.0,8.0,8.0,8.0
BGD,BANGLADESH,57.0,55.0,54.0,53.0,52.0,51.0,51.0,50.0,49.0,48.0,47.0,46.0,45.0,44.0,43.0,43.0,42.0,41.0,40.0,39.0,38.0,38.0,38.0
BGR,BULGARIA,100.0,100.0,100.0,100.0,100.0,100.0,100.0,100.0,100.0,100.0,100.0,100.0,100.0,100.0,100.0,100.0,100.0,100.0,100.0,99.0,99.0,99.0,99.0
BHR,BAHRAIN,99.0,99.0,99.0,99.0,99.0,99.0,99.0,99.0,99.0,99.0,99.0,99.0,99.0,99.0,99.0,99.0,99.0,99.0,99.0,99.0,99.0,99.0,99.0
BHS,BAHAMAS,92.0,92.0,91.0,91.0,91.0,88.0,88.0,88.0,88.0,88.0,88.0,88.0,88.0,88.0,88.0,88.0,88.0,88.0,88.0,,,,
BIH,BOSNIA AND HERZEGOWINA,95.0,96.0,96.0,96.0,96.0,96.0,96.0,95.0,95.0,95.0,95.0,95.0,95.0,95.0,95.0,95.0,95.0,95.0,95.0,,,,
BLR,BELARUS,94.0,93.0,93.0,93.0,93.0,93.0,93.0,93.0,93.0,93.0,93.0,93.0,93.0,93.0,93.0,93.0,93.0,93.0,93.0,93.0,93.0,93.0,93.0
BLZ,BELIZE,91.0,90.0,90.0,89.0,88.0,88.0,87.0,86.0,86.0,85.0,84.0,84.0,83.0,82.0,82.0,81.0,80.0,80.0,79.0,78.0,78.0,77.0,76.0
BOL,BOLIVIA,46.0,46.0,45.0,45.0,44.0,43.0,42.0,41.0,40.0,40.0,39.0,38.0,37.0,36.0,35.0,35.0,34.0,33.0,32.0,31.0,30.0,29.0,28.0
BRA,BRAZIL,81.0,81.0,80.0,80.0,79.0,79.0,78.0,78.0,77.0,76.0,76.0,75.0,75.0,74.0,73.0,72.0,72.0,71.0,70.0,69.0,68.0,68.0,67.0
BRB,BARBADOS,,,,,,,92.0,92.0,92.0,92.0,92.0,91.0,90.0,89.0,89.0,88.0,87.0,86.0,85.0,85.0,84.0,83.0,82.0
BTN,BHUTAN,47.0,45.0,45.0,44.0,43.0,43.0,42.0,42.0,41.0,40.0,40.0,39.0,39.0,38.0,38.0,38.0,,,,,,,
BWA,BOTSWANA,64.0,64.0,64.0,63.0,62.0,60.0,59.0,58.0,57.0,56.0,54.0,53.0,52.0,51.0,50.0,48.0,47.0,46.0,45.0,43.0,42.0,41.0,39.0
CAF,CENTRAL AFRICAN REPUBLIC,22.0,34.0,34.0,34.0,34.0,32.0,31.0,29.0,28.0,26.0,25.0,24.0,22.0,21.0,19.0,18.0,16.0,15.0,13.0,12.0,11.0,11.0,11.0
CAN,CANADA,100.0,100.0,100.0,100.0,100.0,100.0,100.0,100.0,100.0,100.0,100.0,100.0,100.0,100.0,100.0,100.0,100.0,100.0,100.0,100.0,100.0,100.0,100.0
CHE,SWITZERLAND,100.0,100.0,100.0,100.0,100.0,100.0,100.0,100.0,100.0,100.0,100.0,100.0,100.0,100.0,100.0,100.0,100.0,100.0,100.0,100.0,100.0,100.0,100.0
CHL,CHILE,99.0,99.0,98.0,98.0,97.0,96.0,96.0,95.0,94.0,94.0,93.0,93.0,92.0,91.0,90.0,90.0,89.0,88.0,88.0,87.0,86.0,86.0,85.0
CHN,CHINA,65.0,65.0,65.0,63.0,61.0,59.0,57.0,55.0,53.0,51.0,49.0,47.0,45.0,43.0,40.0,38.0,36.0,34.0,32.0,30.0,28.0,26.0,24.0
CIV,COTE D'IVOIRE,22.0,24.0,24.0,24.0,23.0,23.0,23.0,23.0,22.0,22.0,22.0,22.0,22.0,21.0,21.0,21.0,21.0,21.0,20.0,20.0,20.0,20.0,20.0
CMR,CAMEROON,45.0,48.0,48.0,48.0,48.0,48.0,48.0,48.0,48.0,48.0,48.0,48.0,48.0,48.0,48.0,48.0,47.0,47.0,47.0,47.0,47.0,47.0,47.0
COD,"CONGO, THE DRC",31.0,31.0,30.0,29.0,29.0,28.0,27.0,26.0,26.0,25.0,24.0,23.0,23.0,22.0,21.0,20.0,19.0,19.0,18.0,17.0,17.0,17.0,17.0
COG,CONGO,15.0,18.0,18.0,18.0,18.0,19.0,19.0,19.0,19.0,19.0,20.0,20.0,20.0,20.0,20.0,20.0,,,,,,,
COK,COOK ISLANDS,97.0,95.0,95.0,95.0,95.0,95.0,96.0,96.0,97.0,98.0,98.0,99.0,100.0,100.0,100.0,100.0,100.0,100.0,100.0,100.0,100.0,100.0,100.0
COL,COLOMBIA,80.0,78.0,78.0,77.0,77.0,76.0,76.0,75.0,75.0,74.0,74.0,73.0,73.0,72.0,72.0,71.0,71.0,70.0,69.0,69.0,68.0,68.0,67.0
COM,COMOROS,,,35.0,35.0,35.0,35.0,35.0,34.0,33.0,32.0,31.0,29.0,28.0,27.0,26.0,25.0,24.0,22.0,21.0,20.0,20.0,19.0,18.0
CPV,CAPE VERDE,65.0,63.0,62.0,60.0,58.0,57.0,55.0,53.0,51.0,50.0,48.0,46.0,44.0,42.0,41.0,39.0,37.0,37.0,36.0,36.0,35.0,,
CRI,COSTA RICA,94.0,94.0,94.0,93.0,93.0,93.0,93.0,92.0,92.0,92.0,92.0,92.0,91.0,91.0,91.0,91.0,90.0,90.0,90.0,89.0,89.0,89.0,88.0
CUB,CUBA,93.0,92.0,92.0,91.0,91.0,90.0,90.0,89.0,89.0,88.0,88.0,87.0,87.0,86.0,86.0,85.0,85.0,84.0,84.0,83.0,83.0,82.0,81.0
CYM,CAYMAN ISLANDS,96.0,96.0,96.0,96.0,96.0,96.0,96.0,96.0,96.0,96.0,96.0,96.0,96.0,96.0,96.0,96.0,96.0,96.0,96.0,96.0,96.0,96.0,96.0
CYP,CYPRUS,100.0,100.0,100.0,100.0,100.0,100.0,100.0,100.0,100.0,100.0,100.0,100.0,100.0,100.0,100.0,100.0,100.0,100.0,100.0,100.0,100.0,100.0,100.0
CZE,CZECH REPUBLIC,100.0,100.0,100.0,100.0,100.0,100.0,100.0,100.0,100.0,100.0,100.0,100.0,100.0,100.0,100.0,100.0,100.0,100.0,100.0,100.0,100.0,100.0,100.0
DEU,GERMANY,100.0,100.0,100.0,100.0,100.0,100.0,100.0,100.0,100.0,100.0,100.0,100.0,100.0,100.0,100.0,100.0,100.0,100.0,100.0,100.0,100.0,100.0,100.0
DJI,DJIBOUTI,61.0,61.0,61.0,61.0,61.0,61.0,62.0,62.0,62.0,62.0,62.0,62.0,62.0,62.0,62.0,62.0,62.0,62.0,62.0,62.0,62.0,62.0,62.0
DMA,DOMINICA,,,,,,81.0,81.0,81.0,81.0,81.0,81.0,81.0,81.0,81.0,81.0,81.0,81.0,81.0,,,,,
DNK,DENMARK,100.0,100.0,100.0,100.0,100.0,100.0,100.0,100.0,100.0,100.0,100.0,100.0,100.0,100.0,100.0,100.0,100.0,100.0,100.0,100.0,100.0,100.0,100.0
DOM,DOMINICAN REPUBLIC,82.0,82.0,82.0,82.0,81.0,81.0,80.0,80.0,79.0,79.0,79.0,78.0,78.0,77.0,77.0,76.0,76.0,75.0,74.0,74.0,74.0,73.0,73.0
DZA,ALGERIA,95.0,95.0,95.0,95.0,95.0,95.0,94.0,94.0,94.0,93.0,93.0,93.0,92.0,92.0,91.0,91.0,90.0,90.0,90.0,89.0,89.0,89.0,89.0
ECU,ECUADOR,83.0,93.0,92.0,91.0,90.0,89.0,88.0,87.0,86.0,85.0,83.0,82.0,81.0,80.0,79.0,78.0,77.0,75.0,74.0,73.0,72.0,71.0,69.0
EGY,EGYPT,96.0,95.0,95.0,95.0,95.0,95.0,94.0,93.0,91.0,90.0,88.0,87.0,86.0,84.0,83.0,81.0,80.0,79.0,77.0,76.0,74.0,73.0,72.0
ERI,ERITREA,,,,,13.0,13.0,13.0,13.0,13.0,12.0,12.0,12.0,11.0,11.0,11.0,10.0,10.0,10.0,10.0,9.0,9.0,9.0,9.0
ESP,SPAIN,100.0,100.0,100.0,100.0,100.0,100.0,100.0,100.0,100.0,100.0,100.0,100.0,100.0,100.0,100.0,100.0,100.0,100.0,100.0,100.0,100.0,100.0,100.0
EST,ESTONIA,95.0,100.0,95.0,95.0,95.0,95.0,95.0,95.0,95.0,95.0,95.0,95.0,95.0,95.0,95.0,95.0,96.0,96.0,96.0,96.0,96.0,96.0,96.0
ETH,Ethiopia,24.0,21.0,20.0,18.0,17.0,16.0,15.0,14.0,13.0,12.0,10.0,9.0,8.0,7.0,6.0,5.0,3.0,3.0,3.0,3.0,2.0,2.0,2.0
FIN,FINLAND,100.0,100.0,100.0,100.0,100.0,100.0,100.0,100.0,100.0,100.0,100.0,100.0,100.0,100.0,100.0,100.0,100.0,100.0,100.0,100.0,100.0,100.0,100.0
FJI,FIJI,87.0,87.0,87.0,87.0,86.0,84.0,83.0,81.0,80.0,79.0,77.0,76.0,74.0,73.0,71.0,70.0,68.0,66.0,65.0,63.0,61.0,59.0,57.0
FRA,FRANCE,100.0,100.0,100.0,100.0,100.0,100.0,100.0,100.0,100.0,100.0,100.0,100.0,100.0,100.0,100.0,100.0,100.0,100.0,100.0,100.0,100.0,100.0,100.0
FSM,"MICRONESIA, FEDERATED STATES OF",57.0,55.0,53.0,51.0,49.0,47.0,45.0,43.0,41.0,39.0,38.0,36.0,34.0,32.0,30.0,28.0,27.0,25.0,23.0,21.0,19.0,19.0,19.0
GAB,GABON,41.0,33.0,33.0,33.0,33.0,33.0,33.0,34.0,34.0,35.0,35.0,35.0,36.0,36.0,36.0,36.0,36.0,36.0,36.0,,,,
GBR,UNITED KINGDOM,100.0,100.0,100.0,100.0,100.0,100.0,100.0,100.0,100.0,100.0,100.0,100.0,100.0,100.0,100.0,100.0,100.0,100.0,100.0,100.0,100.0,100.0,100.0
GEO,GEORGIA,93.0,93.0,94.0,94.0,94.0,94.0,94.0,94.0,95.0,95.0,95.0,95.0,95.0,96.0,96.0,96.0,96.0,96.0,96.0,96.0,96.0,96.0,96.0
GHA,GHANA,14.0,13.0,13.0,13.0,13.0,12.0,12.0,12.0,11.0,11.0,11.0,10.0,10.0,9.0,9.0,9.0,8.0,8.0,8.0,7.0,7.0,7.0,6.0
GIN,GUINEA,19.0,18.0,18.0,18.0,18.0,17.0,17.0,16.0,16.0,15.0,15.0,15.0,14.0,14.0,13.0,13.0,12.0,12.0,12.0,11.0,11.0,10.0,10.0
GLP,GUADELOUPE,97.0,97.0,97.0,97.0,96.0,96.0,96.0,95.0,95.0,95.0,95.0,,,,,,,,,,,,
GMB,GAMBIA,60.0,68.0,68.0,68.0,68.0,67.0,66.0,66.0,65.0,65.0,64.0,64.0,63.0,62.0,62.0,61.0,61.0,61.0,61.0,60.0,60.0,,
GNB,GUINEA-BISSAU,20.0,19.0,18.0,18.0,17.0,17.0,16.0,15.0,15.0,14.0,13.0,13.0,12.0,12.0,11.0,11.0,11.0,11.0,10.0,,,,
GNQ,EQUATORIAL GUINEA,,,,,,,89.0,89.0,89.0,89.0,89.0,89.0,89.0,89.0,89.0,89.0,89.0,89.0,89.0,,,,
GRC,GREECE,99.0,99.0,99.0,99.0,99.0,99.0,99.0,99.0,99.0,99.0,98.0,98.0,98.0,98.0,98.0,98.0,98.0,97.0,97.0,97.0,97.0,97.0,97.0
GRD,GRENADA,98.0,98.0,98.0,98.0,98.0,92.0,92.0,92.0,92.0,92.0,92.0,92.0,92.0,92.0,92.0,92.0,92.0,92.0,99.0,98.0,98.0,98.0,98.0
GRL,GREENLAND,100.0,100.0,100.0,100.0,100.0,100.0,100.0,100.0,100.0,100.0,100.0,100.0,100.0,100.0,100.0,100.0,100.0,100.0,100.0,100.0,100.0,100.0,100.0
GTM,GUATEMALA,80.0,80.0,79.0,79.0,78.0,77.0,76.0,75.0,74.0,74.0,73.0,72.0,71.0,70.0,69.0,68.0,67.0,67.0,66.0,65.0,64.0,63.0,62.0
GUF,FRENCH GUIANA,90.0,90.0,90.0,89.0,88.0,87.0,86.0,85.0,84.0,83.0,82.0,81.0,80.0,79.0,78.0,77.0,76.0,76.0,76.0,76.0,76.0,,
GUM,GUAM,90.0,97.0,97.0,97.0,97.0,97.0,97.0,97.0,97.0,97.0,97.0,97.0,97.0,97.0,97.0,97.0,97.0,97.0,97.0,97.0,97.0,97.0,97.0
GUY,GUYANA,84.0,84.0,83.0,83.0,83.0,82.0,82.0,81.0,81.0,80.0,80.0,79.0,79.0,79.0,78.0,78.0,78.0,78.0,78.0,77.0,76.0,76.0,76.0
HND,HONDURAS,80.0,81.0,79.0,78.0,76.0,75.0,74.0,72.0,71.0,69.0,68.0,66.0,65.0,63.0,61.0,60.0,58.0,57.0,55.0,54.0,52.0,50.0,49.0
HRV,CROATIA (local name: Hrvatska),98.0,98.0,98.0,98.0,98.0,98.0,98.0,98.0,98.0,98.0,98.0,98.0,98.0,98.0,98.0,98.0,98.0,98.0,98.0,98.0,98.0,98.0,98.0
HTI,HAITI,24.0,26.0,26.0,26.0,25.0,25.0,25.0,25.0,24.0,24.0,24.0,23.0,23.0,23.0,22.0,22.0,22.0,22.0,22.0,22.0,21.0,21.0,21.0
HUN,HUNGARY,100.0,100.0,100.0,100.0,100.0,100.0,100.0,100.0,100.0,100.0,100.0,100.0,100.0,100.0,100.0,100.0,100.0,100.0,100.0,100.0,100.0,100.0,100.0
IDN,INDONESIA,59.0,59.0,58.0,57.0,56.0,55.0,54.0,53.0,52.0,51.0,49.0,48.0,47.0,46.0,45.0,44.0,42.0,41.0,40.0,39.0,38.0,36.0,35.0
IND,INDIA,36.0,35.0,34.0,33.0,32.0,32.0,31.0,30.0,29.0,28.0,27.0,26.0,25.0,25.0,24.0,23.0,22.0,21.0,20.0,20.0,19.0,18.0,18.0
IRL,IRELAND,99.0,99.0,99.0,99.0,99.0,99.0,99.0,99.0,99.0,99.0,99.0,99.0,99.0,99.0,99.0,99.0,99.0,99.0,99.0,99.0,99.0,99.0,99.0
IRN,IRAN (ISLAMIC REPUBLIC OF),89.0,100.0,99.0,98.0,97.0,96.0,95.0,94.0,93.0,92.0,91.0,90.0,89.0,87.0,86.0,85.0,84.0,83.0,82.0,81.0,81.0,81.0,81.0
IRQ,IRAQ,85.0,84.0,83.0,82.0,81.0,81.0,80.0,79.0,78.0,77.0,77.0,76.0,75.0,74.0,74.0,73.0,72.0,72.0,72.0,72.0,72.0,72.0,
ISL,ICELAND,100.0,100.0,100.0,100.0,100.0,100.0,100.0,100.0,100.0,100.0,100.0,100.0,100.0,100.0,100.0,100.0,100.0,100.0,100.0,100.0,100.0,100.0,100.0
ISR,ISRAEL,100.0,100.0,100.0,100.0,100.0,100.0,100.0,100.0,100.0,100.0,100.0,100.0,100.0,100.0,100.0,100.0,100.0,100.0,100.0,100.0,100.0,100.0,100.0
JAM,JAMAICA,80.0,80.0,80.0,80.0,80.0,80.0,80.0,80.0,80.0,80.0,80.0,80.0,80.0,80.0,80.0,80.0,80.0,80.0,80.0,80.0,80.0,79.0,79.0
JOR,JORDAN,98.0,98.0,98.0,98.0,98.0,98.0,98.0,98.0,98.0,98.0,98.0,98.0,98.0,97.0,97.0,97.0,97.0,97.0,97.0,97.0,97.0,97.0,97.0
JPN,JAPAN,100.0,100.0,100.0,100.0,100.0,100.0,100.0,100.0,100.0,100.0,100.0,100.0,100.0,100.0,100.0,100.0,100.0,100.0,100.0,100.0,100.0,100.0,100.0
KAZ,KAZAKHSTAN,97.0,97.0,97.0,97.0,97.0,97.0,97.0,97.0,97.0,97.0,97.0,97.0,97.0,97.0,97.0,97.0,97.0,97.0,96.0,96.0,96.0,96.0,96.0
KEN,KENYA,30.0,29.0,29.0,29.0,29.0,28.0,28.0,28.0,28.0,28.0,27.0,27.0,27.0,27.0,26.0,26.0,26.0,26.0,26.0,25.0,25.0,25.0,25.0
KGZ,KYRGYZSTAN,92.0,93.0,93.0,93.0,93.0,93.0,93.0,93.0,93.0,93.0,93.0,93.0,93.0,93.0,93.0,93.0,93.0,93.0,93.0,93.0,93.0,93.0,91.0
KHM,CAMBODIA,37.0,33.0,32.0,30.0,29.0,27.0,26.0,25.0,23.0,22.0,20.0,19.0,18.0,16.0,15.0,13.0,12.0,10.0,9.0,9.0,9.0,9.0,9.0
KIR,KIRIBATI,40.0,39.0,39.0,38.0,38.0,37.0,37.0,37.0,36.0,36.0,35.0,35.0,34.0,33.0,33.0,32.0,31.0,31.0,30.0,30.0,29.0,28.0,28.0
KNA,SAINT KITTS AND NEVIS,,,,,,87.0,87.0,87.0,87.0,87.0,87.0,87.0,87.0,87.0,87.0,87.0,87.0,87.0,,,,,
KOR,"KOREA, REPUBLIC OF",100.0,100.0,100.0,100.0,100.0,100.0,100.0,100.0,100.0,100.0,100.0,100.0,100.0,100.0,100.0,100.0,100.0,100.0,100.0,100.0,100.0,100.0,100.0
KWT,KUWAIT,100.0,100.0,100.0,100.0,100.0,100.0,100.0,100.0,100.0,100.0,100.0,100.0,100.0,100.0,100.0,100.0,100.0,100.0,100.0,100.0,100.0,100.0,100.0
LAO,LAOS ,65.0,62.0,59.0,56.0,53.0,49.0,46.0,43.0,40.0,37.0,34.0,31.0,28.0,25.0,22.0,21.0,21.0,20.0,20.0,,,,
LBN,LEBANON,,,,,,,,98.0,98.0,98.0,98.0,98.0,98.0,98.0,98.0,98.0,98.0,98.0,98.0,98.0,,,
LBR,LIBERIA,17.0,18.0,18.0,17.0,16.0,16.0,15.0,15.0,15.0,14.0,13.0,12.0,12.0,11.0,10.0,11.0,12.0,10.0,10.0,,,,
LBY,LIBYAN ARAB JAMAHIRIYA,97.0,97.0,97.0,97.0,97.0,97.0,97.0,97.0,97.0,97.0,97.0,97.0,97.0,97.0,97.0,97.0,97.0,97.0,97.0,97.0,97.0,97.0,97.0
LCA,SAINT LUCIA,,65.0,65.0,65.0,65.0,65.0,65.0,65.0,64.0,64.0,63.0,63.0,62.0,62.0,61.0,61.0,61.0,60.0,60.0,59.0,59.0,58.0,58.0
LKA,SRI LANKA,92.0,91.0,90.0,89.0,88.0,87.0,85.0,84.0,83.0,82.0,81.0,80.0,79.0,78.0,76.0,75.0,74.0,73.0,72.0,71.0,70.0,69.0,68.0
LSO,LESOTHO,30.0,26.0,26.0,26.0,26.0,26.0,26.0,26.0,26.0,25.0,25.0,25.0,25.0,25.0,25.0,24.0,24.0,24.0,24.0,,,,
LTU,LITHUANIA,94.0,94.0,93.0,87.0,87.0,87.0,87.0,87.0,87.0,87.0,87.0,87.0,87.0,87.0,87.0,87.0,87.0,86.0,86.0,86.0,85.0,85.0,84.0
LUX,LUXEMBURG,100.0,100.0,100.0,100.0,100.0,100.0,100.0,100.0,100.0,100.0,100.0,100.0,100.0,100.0,100.0,100.0,100.0,100.0,100.0,100.0,100.0,100.0,100.0
LVA,LATVIA,,,,79.0,79.0,79.0,79.0,79.0,79.0,79.0,79.0,79.0,79.0,79.0,79.0,79.0,,,,,,,
MAR,MOROCCO,75.0,70.0,70.0,70.0,69.0,69.0,69.0,68.0,67.0,67.0,66.0,65.0,64.0,63.0,62.0,61.0,60.0,59.0,58.0,57.0,55.0,54.0,53.0
MCO,MONACO,100.0,100.0,100.0,100.0,100.0,100.0,100.0,100.0,100.0,100.0,100.0,100.0,100.0,100.0,100.0,100.0,100.0,100.0,100.0,100.0,100.0,100.0,100.0
MDA,"MOLDOVA, REPUBLIC OF",87.0,86.0,85.0,85.0,84.0,83.0,82.0,82.0,81.0,80.0,80.0,79.0,79.0,78.0,77.0,77.0,76.0,76.0,76.0,76.0,76.0,,
MDG,MADAGASCAR,14.0,14.0,13.0,13.0,13.0,12.0,12.0,12.0,12.0,11.0,11.0,11.0,11.0,10.0,10.0,10.0,10.0,9.0,9.0,9.0,8.0,8.0,8.0
MDV,MALDIVES,99.0,98.0,97.0,96.0,94.0,93.0,91.0,89.0,87.0,85.0,83.0,81.0,79.0,77.0,76.0,74.0,72.0,70.0,68.0,68.0,68.0,68.0,68.0
MEX,MEXICO,85.0,85.0,84.0,83.0,82.0,81.0,81.0,80.0,79.0,78.0,77.0,76.0,75.0,75.0,74.0,73.0,72.0,71.0,70.0,69.0,68.0,67.0,66.0
MHL,MARSHALL ISLANDS,76.0,76.0,75.0,75.0,74.0,74.0,73.0,73.0,72.0,72.0,71.0,71.0,70.0,70.0,69.0,68.0,68.0,67.0,67.0,66.0,66.0,65.0,65.0
MKD,MACEDONIA,91.0,91.0,91.0,91.0,91.0,90.0,90.0,90.0,90.0,90.0,90.0,90.0,90.0,,,,,,,,,,
MLI,MALI,22.0,22.0,21.0,21.0,21.0,20.0,20.0,20.0,19.0,19.0,19.0,18.0,18.0,18.0,18.0,17.0,17.0,17.0,16.0,16.0,16.0,16.0,15.0
MLT,MALTA,100.0,100.0,100.0,100.0,100.0,100.0,100.0,100.0,100.0,100.0,100.0,100.0,100.0,100.0,100.0,100.0,100.0,100.0,100.0,100.0,100.0,100.0,100.0
MMR,MYANMAR (Burma) ,77.0,77.0,76.0,75.0,73.0,72.0,70.0,69.0,68.0,66.0,65.0,63.0,62.0,61.0,59.0,58.0,56.0,55.0,55.0,55.0,55.0,55.0,
MNE,MONTENEGRO,90.0,90.0,90.0,90.0,90.0,90.0,90.0,90.0,90.0,90.0,90.0,90.0,90.0,90.0,90.0,,,,,,,,
MNG,MONGOLIA,56.0,53.0,53.0,52.0,52.0,52.0,51.0,51.0,51.0,50.0,50.0,50.0,49.0,49.0,49.0,49.0,50.0,50.0,50.0,47.0,47.0,,
MNP,NORTHERN MARIANA ISLANDS,80.0,98.0,98.0,98.0,98.0,98.0,97.0,96.0,95.0,95.0,94.0,93.0,92.0,91.0,91.0,90.0,89.0,88.0,87.0,86.0,86.0,85.0,84.0
MOZ,MOZAMBIQUE,21.0,19.0,19.0,18.0,18.0,17.0,17.0,16.0,16.0,15.0,15.0,15.0,14.0,14.0,13.0,13.0,12.0,11.0,10.0,10.0,10.0,9.0,9.0
MRT,MAURITANIA,27.0,27.0,26.0,26.0,26.0,25.0,24.0,24.0,23.0,22.0,22.0,21.0,21.0,20.0,19.0,19.0,18.0,18.0,17.0,16.0,16.0,16.0,16.0
MSR,MONTSERRAT,,,,,,83.0,83.0,83.0,83.0,83.0,82.0,81.0,80.0,79.0,78.0,77.0,76.0,75.0,74.0,73.0,72.0,71.0,70.0
MTQ,MARTINIQUE,92.0,92.0,92.0,92.0,92.0,92.0,92.0,92.0,92.0,92.0,92.0,,,,,,,,,,,,
MUS,MAURITIUS,91.0,91.0,90.0,90.0,90.0,90.0,90.0,90.0,90.0,90.0,89.0,89.0,89.0,89.0,89.0,89.0,89.0,89.0,89.0,89.0,89.0,89.0,89.0
MWI,MALAWI,10.0,53.0,52.0,52.0,51.0,50.0,50.0,49.0,48.0,48.0,47.0,46.0,46.0,45.0,44.0,43.0,43.0,42.0,41.0,41.0,40.0,39.0,39.0
MYS,MALAYSIA,96.0,96.0,96.0,96.0,96.0,96.0,96.0,96.0,95.0,94.0,94.0,93.0,92.0,92.0,91.0,90.0,89.0,88.0,88.0,87.0,86.0,85.0,84.0
NAM,NAMIBIA,32.0,32.0,32.0,32.0,31.0,31.0,31.0,30.0,30.0,29.0,29.0,29.0,28.0,28.0,27.0,27.0,26.0,26.0,26.0,25.0,25.0,24.0,24.0
NCL,NEW CALEDONIA,100.0,100.0,100.0,100.0,100.0,100.0,100.0,100.0,100.0,100.0,100.0,100.0,100.0,100.0,100.0,100.0,100.0,100.0,100.0,100.0,100.0,100.0,100.0
NER,NIGER,9.0,10.0,10.0,9.0,9.0,9.0,9.0,8.0,8.0,8.0,8.0,7.0,7.0,7.0,6.0,6.0,6.0,6.0,5.0,5.0,5.0,5.0,4.0
NGA,NIGERIA,28.0,31.0,31.0,31.0,32.0,32.0,32.0,33.0,33.0,33.0,34.0,34.0,34.0,35.0,35.0,36.0,36.0,36.0,37.0,37.0,37.0,38.0,38.0
NIC,NICARAGUA,52.0,52.0,52.0,52.0,52.0,51.0,51.0,50.0,50.0,49.0,49.0,48.0,48.0,48.0,47.0,47.0,46.0,46.0,45.0,45.0,44.0,44.0,43.0
NIU,NIUE,100.0,100.0,100.0,99.0,96.0,94.0,92.0,90.0,88.0,86.0,84.0,81.0,79.0,77.0,75.0,73.0,71.0,69.0,69.0,69.0,69.0,69.0,
NLD,NETHERLANDS,100.0,100.0,100.0,100.0,100.0,100.0,100.0,100.0,100.0,100.0,100.0,100.0,100.0,100.0,100.0,100.0,100.0,100.0,100.0,100.0,100.0,100.0,100.0
NOR,NORWAY,100.0,100.0,100.0,100.0,100.0,100.0,100.0,100.0,100.0,100.0,100.0,100.0,100.0,100.0,100.0,100.0,100.0,100.0,100.0,100.0,100.0,100.0,100.0
NPL,NEPAL,37.0,35.0,34.0,33.0,32.0,30.0,29.0,28.0,26.0,25.0,24.0,22.0,21.0,19.0,18.0,17.0,15.0,14.0,12.0,11.0,10.0,8.0,7.0
NRU,NAURU,66.0,66.0,66.0,66.0,66.0,66.0,66.0,66.0,66.0,66.0,66.0,66.0,66.0,66.0,66.0,66.0,66.0,66.0,66.0,66.0,66.0,66.0,66.0
OMN,OMAN,97.0,97.0,97.0,97.0,96.0,95.0,94.0,93.0,92.0,92.0,91.0,90.0,89.0,88.0,87.0,86.0,86.0,85.0,84.0,84.0,83.0,82.0,82.0
PAK,PAKISTAN,48.0,47.0,47.0,46.0,45.0,44.0,43.0,42.0,41.0,40.0,39.0,38.0,37.0,36.0,35.0,34.0,33.0,32.0,31.0,30.0,29.0,28.0,27.0
PAN,PANAMA,73.0,71.0,71.0,71.0,70.0,70.0,69.0,68.0,68.0,67.0,67.0,66.0,65.0,65.0,64.0,63.0,62.0,62.0,61.0,60.0,59.0,59.0,58.0
PER,PERU,73.0,72.0,71.0,70.0,69.0,68.0,68.0,67.0,66.0,65.0,65.0,64.0,63.0,62.0,61.0,60.0,60.0,59.0,58.0,57.0,56.0,55.0,54.0
PHL,PHILIPPINES,74.0,74.0,74.0,73.0,72.0,71.0,71.0,70.0,69.0,68.0,67.0,66.0,65.0,65.0,64.0,63.0,62.0,61.0,60.0,59.0,59.0,58.0,57.0
PLW,PALAU,100.0,100.0,100.0,100.0,100.0,100.0,99.0,98.0,96.0,92.0,89.0,85.0,81.0,78.0,74.0,71.0,68.0,64.0,61.0,57.0,54.0,50.0,46.0
PNG,PAPUA NEW GUINEA,19.0,19.0,19.0,19.0,19.0,19.0,19.0,19.0,19.0,19.0,19.0,19.0,19.0,19.0,19.0,19.0,20.0,20.0,20.0,20.0,20.0,20.0,20.0
POL,POLAND,,,,,89.0,89.0,89.0,89.0,89.0,89.0,89.0,89.0,89.0,89.0,89.0,89.0,89.0,,,,,,
PRI,PUERTO RICO,99.0,99.0,99.0,99.0,99.0,99.0,99.0,99.0,99.0,99.0,99.0,99.0,99.0,99.0,99.0,99.0,99.0,99.0,99.0,99.0,99.0,99.0,99.0
PRK,"KOREA, REPUBLIC OF",82.0,82.0,80.0,78.0,76.0,74.0,72.0,70.0,68.0,67.0,65.0,63.0,61.0,59.0,57.0,55.0,53.0,53.0,53.0,53.0,53.0,,
PRT,PORTUGAL,100.0,100.0,100.0,100.0,100.0,100.0,100.0,99.0,99.0,99.0,98.0,98.0,98.0,97.0,97.0,97.0,96.0,96.0,95.0,95.0,95.0,94.0,94.0
PRY,PARAGUAY,80.0,80.0,71.0,71.0,70.0,70.0,70.0,68.0,66.0,64.0,62.0,60.0,58.0,56.0,54.0,52.0,50.0,48.0,46.0,44.0,42.0,40.0,38.0
PSE,State of Palestine,94.0,94.0,94.0,94.0,94.0,94.0,94.0,93.0,93.0,92.0,91.0,91.0,90.0,89.0,89.0,88.0,87.0,87.0,87.0,87.0,87.0,86.0,
PYF,FRENCH POLYNESIA,97.0,97.0,97.0,97.0,97.0,97.0,97.0,98.0,98.0,98.0,98.0,98.0,98.0,98.0,98.0,98.0,98.0,99.0,99.0,99.0,99.0,99.0,99.0
QAT,QATAR,100.0,100.0,100.0,100.0,100.0,100.0,100.0,100.0,100.0,100.0,100.0,100.0,100.0,100.0,100.0,100.0,100.0,100.0,100.0,100.0,100.0,100.0,100.0
REU,REUNION,98.0,98.0,98.0,98.0,98.0,98.0,98.0,98.0,98.0,98.0,98.0,98.0,98.0,98.0,98.0,98.0,98.0,98.0,98.0,98.0,98.0,98.0,98.0
ROU,Romania,,,,,72.0,72.0,72.0,72.0,72.0,72.0,72.0,72.0,72.0,72.0,72.0,72.0,72.0,72.0,72.0,72.0,72.0,71.0,71.0
RUS,RUSSIA,70.0,70.0,70.0,71.0,71.0,71.0,71.0,71.0,71.0,72.0,72.0,72.0,72.0,72.0,72.0,73.0,73.0,73.0,73.0,73.0,73.0,74.0,74.0
RWA,RWANDA,64.0,61.0,60.0,59.0,58.0,56.0,55.0,54.0,53.0,51.0,50.0,49.0,47.0,46.0,44.0,43.0,41.0,39.0,38.0,36.0,35.0,33.0,32.0
SAU,SAUDI ARABIA,100.0,100.0,100.0,100.0,100.0,100.0,100.0,100.0,99.0,98.0,98.0,97.0,97.0,96.0,96.0,95.0,94.0,94.0,93.0,93.0,92.0,92.0,92.0
SDN,SUDAN,24.0,24.0,22.0,23.0,23.0,23.0,24.0,24.0,24.0,25.0,25.0,25.0,25.0,26.0,26.0,26.0,27.0,27.0,27.0,27.0,27.0,27.0,27.0
SEN,SENEGAL,52.0,51.0,51.0,50.0,49.0,48.0,48.0,47.0,46.0,45.0,45.0,44.0,43.0,42.0,42.0,41.0,40.0,40.0,39.0,38.0,37.0,37.0,36.0
SGP,SINGAPORE,100.0,100.0,100.0,100.0,100.0,100.0,100.0,100.0,100.0,100.0,100.0,100.0,100.0,100.0,100.0,100.0,99.0,99.0,99.0,99.0,99.0,99.0,99.0
SLB,SOLOMON ISLANDS,29.0,29.0,28.0,28.0,28.0,27.0,27.0,27.0,27.0,26.0,26.0,26.0,25.0,,,,,,,,,,
SLE,SIERRA LEONE,13.0,13.0,13.0,13.0,13.0,13.0,12.0,12.0,12.0,12.0,12.0,12.0,12.0,12.0,12.0,12.0,12.0,11.0,11.0,11.0,11.0,11.0,11.0
SLV,EL SALVADOR,70.0,70.0,70.0,69.0,68.0,67.0,66.0,65.0,65.0,64.0,63.0,62.0,61.0,60.0,59.0,58.0,57.0,55.0,54.0,53.0,52.0,51.0,50.0
SOM,SOMALIA,,24.0,23.0,23.0,23.0,23.0,23.0,22.0,22.0,22.0,22.0,22.0,22.0,22.0,22.0,22.0,22.0,21.0,21.0,21.0,,,
SRB,SERBIA,97.0,97.0,97.0,97.0,97.0,97.0,97.0,97.0,96.0,96.0,96.0,96.0,96.0,96.0,96.0,96.0,96.0,96.0,96.0,96.0,96.0,96.0,96.0
SSD,SOUTH SUDAN,9.0,9.0,,,,,,,,,,,,,,,,,,,,,
STP,SAO TOME AND PRINCIPE,34.0,34.0,33.0,32.0,31.0,29.0,28.0,27.0,26.0,24.0,23.0,22.0,21.0,20.0,19.0,18.0,18.0,18.0,18.0,,,,
SUR,SURINAME,80.0,83.0,83.0,83.0,83.0,82.0,82.0,82.0,82.0,82.0,81.0,81.0,81.0,81.0,81.0,81.0,80.0,80.0,80.0,,,,
SVK,SLOVAKIA (Slovak Republic),100.0,100.0,100.0,100.0,100.0,100.0,100.0,100.0,100.0,100.0,100.0,100.0,100.0,100.0,100.0,100.0,100.0,100.0,100.0,100.0,100.0,100.0,100.0
SVN,SLOVENIA,100.0,100.0,100.0,100.0,100.0,100.0,100.0,100.0,100.0,100.0,100.0,100.0,100.0,100.0,100.0,100.0,100.0,100.0,100.0,100.0,100.0,100.0,100.0
SWE,SWEDEN,100.0,100.0,100.0,100.0,100.0,100.0,100.0,100.0,100.0,100.0,100.0,100.0,100.0,100.0,100.0,100.0,100.0,100.0,100.0,100.0,100.0,100.0,100.0
SWZ,SWAZILAND,57.0,57.0,56.0,56.0,56.0,55.0,55.0,54.0,54.0,53.0,53.0,52.0,52.0,51.0,51.0,50.0,50.0,49.0,49.0,49.0,49.0,49.0,49.0
SYC,SEYCHELLES,97.0,97.0,97.0,97.0,97.0,97.0,97.0,97.0,97.0,97.0,97.0,97.0,97.0,97.0,97.0,97.0,97.0,97.0,97.0,97.0,97.0,97.0,97.0
SYR,SYRIAN ARAB REPUBLIC,96.0,95.0,95.0,94.0,93.0,93.0,92.0,92.0,91.0,91.0,90.0,89.0,89.0,88.0,87.0,87.0,86.0,85.0,85.0,85.0,85.0,85.0,85.0
TCA,TURKS AND CAICOS ISLANDS,,,,,,81.0,81.0,81.0,81.0,81.0,81.0,81.0,81.0,81.0,81.0,81.0,81.0,81.0,,,,,
TCD,CHAD,12.0,12.0,12.0,11.0,11.0,11.0,11.0,11.0,10.0,10.0,10.0,10.0,10.0,10.0,9.0,9.0,9.0,9.0,9.0,8.0,8.0,8.0,8.0
TGO,TOGO,11.0,11.0,11.0,12.0,12.0,12.0,12.0,12.0,12.0,12.0,12.0,12.0,12.0,12.0,12.0,12.0,13.0,13.0,13.0,13.0,13.0,13.0,13.0
THA,THAILAND,93.0,93.0,93.0,93.0,94.0,94.0,94.0,94.0,94.0,94.0,93.0,92.0,91.0,90.0,89.0,88.0,88.0,87.0,86.0,85.0,84.0,83.0,82.0
TJK,TAJIKISTAN,94.0,95.0,95.0,95.0,94.0,94.0,93.0,93.0,92.0,92.0,91.0,91.0,90.0,89.0,89.0,88.0,89.0,89.0,89.0,89.0,,,
TKL,TOKELAU,93.0,93.0,93.0,93.0,93.0,89.0,86.0,82.0,78.0,75.0,71.0,67.0,63.0,60.0,56.0,52.0,49.0,45.0,41.0,41.0,41.0,41.0,41.0
TKM,TURKMENISTAN,99.0,99.0,99.0,99.0,99.0,99.0,99.0,99.0,99.0,99.0,98.0,98.0,98.0,98.0,98.0,98.0,98.0,98.0,98.0,98.0,98.0,98.0,98.0
TLS,EAST TIMOR,39.0,39.0,39.0,38.0,38.0,38.0,38.0,38.0,38.0,38.0,37.0,37.0,37.0,37.0,37.0,37.0,37.0,37.0,,,,,
TON,TONGA,91.0,92.0,92.0,92.0,92.0,92.0,92.0,93.0,93.0,93.0,93.0,93.0,94.0,94.0,94.0,94.0,94.0,94.0,95.0,95.0,95.0,95.0,95.0
TTO,TRINIDAD AND TOBAGO,92.0,92.0,92.0,92.0,92.0,92.0,92.0,92.0,92.0,92.0,92.0,92.0,92.0,92.0,92.0,92.0,92.0,92.0,93.0,93.0,93.0,93.0,93.0
TUN,TUNISIA,90.0,90.0,89.0,88.0,88.0,87.0,86.0,86.0,85.0,84.0,84.0,83.0,82.0,81.0,80.0,79.0,79.0,78.0,77.0,76.0,75.0,74.0,73.0
TUR,TURKEY,91.0,91.0,91.0,90.0,90.0,89.0,89.0,89.0,89.0,88.0,88.0,88.0,87.0,87.0,86.0,86.0,86.0,85.0,85.0,85.0,84.0,84.0,84.0
TUV,TUVALU,83.0,83.0,83.0,83.0,83.0,82.0,82.0,81.0,81.0,80.0,79.0,79.0,78.0,78.0,77.0,77.0,76.0,76.0,75.0,75.0,74.0,74.0,73.0
TZA,"TANZANIA, UNITED REPUBLIC OF",12.0,12.0,12.0,11.0,11.0,11.0,10.0,10.0,10.0,10.0,9.0,9.0,9.0,9.0,8.0,8.0,8.0,8.0,7.0,7.0,7.0,7.0,7.0
UGA,UGANDA,34.0,35.0,35.0,34.0,34.0,34.0,33.0,33.0,32.0,32.0,32.0,31.0,31.0,31.0,30.0,30.0,29.0,29.0,29.0,28.0,28.0,28.0,27.0
UKR,UKRAINE,94.0,94.0,94.0,94.0,94.0,94.0,95.0,95.0,95.0,95.0,95.0,95.0,95.0,97.0,97.0,97.0,97.0,97.0,97.0,,,,
URY,URUGUAY,96.0,99.0,99.0,98.0,98.0,98.0,98.0,98.0,97.0,97.0,97.0,97.0,97.0,96.0,96.0,96.0,96.0,96.0,95.0,95.0,95.0,95.0,95.0
USA,UNITED STATES,100.0,100.0,100.0,100.0,100.0,100.0,100.0,100.0,100.0,100.0,100.0,100.0,100.0,100.0,100.0,100.0,100.0,100.0,100.0,100.0,100.0,100.0,100.0
UZB,UZBEKISTAN,100.0,100.0,100.0,100.0,100.0,100.0,99.0,97.0,96.0,95.0,93.0,92.0,91.0,90.0,88.0,87.0,86.0,85.0,83.0,84.0,84.0,84.0,84.0
VCT,SAINT VINCENT AND THE GRENADINES,,,,,,76.0,76.0,76.0,76.0,76.0,75.0,74.0,73.0,72.0,71.0,70.0,69.0,68.0,67.0,66.0,65.0,64.0,63.0
VEN,VENEZUELA,,,,,,91.0,91.0,91.0,91.0,90.0,90.0,89.0,89.0,88.0,87.0,87.0,86.0,86.0,85.0,84.0,83.0,83.0,82.0
VGB,VIRGIN ISLANDS (BRITISH),98.0,98.0,98.0,98.0,98.0,98.0,98.0,98.0,98.0,98.0,98.0,98.0,98.0,98.0,98.0,98.0,98.0,98.0,98.0,98.0,98.0,98.0,98.0
VIR,VIRGIN ISLANDS (U.S.),96.0,96.0,96.0,96.0,96.0,96.0,96.0,96.0,96.0,96.0,96.0,96.0,96.0,96.0,96.0,96.0,96.0,96.0,96.0,96.0,96.0,96.0,96.0
VNM,VIET NAM,75.0,75.0,73.0,71.0,69.0,68.0,66.0,64.0,62.0,60.0,59.0,57.0,55.0,53.0,51.0,50.0,48.0,46.0,44.0,42.0,41.0,39.0,37.0
VUT,VANUATU,58.0,58.0,56.0,55.0,53.0,52.0,51.0,49.0,48.0,46.0,45.0,43.0,42.0,40.0,39.0,37.0,36.0,36.0,36.0,35.0,35.0,,
WSM,SAMOA,92.0,92.0,92.0,92.0,92.0,92.0,92.0,92.0,92.0,92.0,92.0,92.0,92.0,92.0,92.0,92.0,92.0,92.0,93.0,93.0,93.0,93.0,93.0
YEM,YEMEN,53.0,53.0,53.0,52.0,52.0,50.0,49.0,47.0,46.0,44.0,43.0,41.0,39.0,38.0,36.0,35.0,33.0,32.0,30.0,28.0,27.0,25.0,24.0
ZAF,SOUTH AFRICA,74.0,74.0,73.0,72.0,71.0,71.0,70.0,69.0,68.0,68.0,67.0,66.0,65.0,64.0,63.0,63.0,62.0,61.0,60.0,59.0,58.0,58.0,58.0
ZMB,ZAMBIA,43.0,42.0,42.0,42.0,42.0,42.0,41.0,41.0,41.0,41.0,41.0,41.0,41.0,41.0,41.0,41.0,41.0,41.0,41.0,41.0,41.0,42.0,42.0
ZWE,ZIMBABWE,40.0,40.0,40.0,40.0,40.0,40.0,40.0,40.0,40.0,40.0,40.0,40.0,40.0,40.0,40.0,40.0,40.0,40.0,41.0,41.0,41.0,41.0,40.0
